x
0.0105169181449538
0.00945913888847634
0.0105776943263534
0.00948572656447001
0.00974554314822305
0.00909945536294507
0.00997496175682091
0.0105643912165231
0.0103398667942817
0.010832564265179
0.0107995002750545
0.0100917689980607
0.00995188215921586
0.0105719904083442
0.010712586659399
0.00970485880477817
0.00961352861434424
0.0104311335171217
0.00981611070063827
0.00978115587141176
0.010600758195644
0.0104766932206328
0.00929817770762752
0.00920486522902595
0.01075111078051
0.0101808209865771
0.0101256371867777
0.0106022970101037
0.00997452025596601
0.00935848614259811
0.009781815022815
0.00992000363151727
0.0105181991923906
0.0101232238441413
0.00885859339092286
0.0105608794549312
0.010004204885591
0.00970223485484382
0.0098520475283568
0.00850183795853661
0.0105570518782364
0.0107285451442375
0.00998982632772299
0.00995304542939804
0.0105497263139673
0.0102144651555498
0.0100063053234968
0.00965678381678513
0.00965063094240456
0.00980926516352516
0.00991891683501187
0.00962920734883893
0.00951505350903914
0.0102444072881594
0.0105039758396275
0.00981193859533565
0.0113066940934969
0.0100972770276413
0.0100334530190444
0.00984522961937039
0.0103315096076817
0.00971900474737379
0.00965053135115086
0.0108903418570842
0.00959495872497568
0.0103494216471373
0.0105258426049186
0.00984186045743825
0.00977298604206799
0.00973077843333665
0.0101603217051255
0.010261839141862
0.010198844317076
0.0104882576284482
0.0103117406335717
0.0105040254986698
0.00954075931380355
0.0100954464486164
0.00990225060948483
0.0100267568828212
0.00971607687903812
0.010119675470535
0.0100651542016661
0.0100565695987374
0.00867952347545747
0.0101193304308465
0.00900606442292388
0.00971885272258382
0.00991789689029894
0.0103530774966779
0.0103148800960367
0.00924274942723142
0.00930227242013987
0.0102742890559676
0.0101087416245236
0.0105274461690653
0.0102680609005349
0.0108530007178317
0.00951046831753041
0.00894790698656853
0.0102859798497857
0.00912004043373535
0.00971731926449853
0.00932397605612223
0.0105932436509948
0.0104259860539108
0.00971458426673638
0.00948632475596487
0.00959463952128539
0.00992690188999255
0.0093310208786243
0.00935996798169034
0.00963222466560881
0.0092693546562253
0.0106253852685501
0.00986253410747791
0.0101399888797117
0.0098960899423883
0.0101357219715098
0.0104484339517285
0.0101803603585463
0.0102396599236142
0.00919646758138344
0.00913317390808481
0.00943669450304548
0.0101849637398992
0.00964235409658969
0.0115247624403461
0.0104620601019942
0.00971784225270363
0.0104467947792133
0.010114148047791
0.0102311266721274
0.0105451227192647
0.0104408705420763
0.00962670370894
0.0105052104839439
0.0104872063169314
0.010011609080532
0.0113316586488895
0.0092442433890512
0.0100550214857382
0.0098778555242658
0.00912254698219446
0.00969124759954975
0.00964969598897529
0.0105048034863325
0.0101950211486309
0.00990160963722343
0.00979519511211048
0.00993627437262682
0.0107876779554528
0.0106659819555375
0.0107504939076631
0.00964683230590381
0.00973046806176671
0.00999093070411826
0.0102016222678013
0.0102556343023867
0.0098332720189525
0.0100041573105187
0.01062029377127
0.00934455571954075
0.0101290525618745
0.0104342697510675
0.00985264500393065
0.0102762720107273
0.0090555683966538
0.0100381202076907
0.009641364744963
0.0106816732698937
0.0104542816962099
0.0099902506606011
0.0102080663570024
0.0101197430948355
0.00977028866830193
0.010751360505929
0.0105650533578269
0.00965766728806761
0.00992932160939694
0.00975413658733274
0.0100030098663289
0.00960789690503402
0.00956446797681403
0.0106951300427792
0.00981285521562535
0.0103251244115984
0.0103899830600267
0.00891037697944311
0.00964990109589711
0.0100524730720959
0.0108516417670758
0.0103779812787932
0.0109694059560844
0.00936896739520233
0.0100593491880269
0.00950433767524101
0.00966423596328257
0.0103783419854694
0.0100799069283011
0.00937337040555043
0.00964671045588757
0.00972981917664118
0.0103731010416157
0.00954054601686139
0.00986885396795946
0.0101105431338771
0.00981396089860292
0.00982844228952066
0.0103495926652628
0.00910533980316526
0.00994973726654126
0.00954900366711057
0.0097402655792599
0.0097656067572258
0.00969387468472818
0.00946256450516113
0.0109119639605725
0.00909909810470976
0.0103238146998182
0.0101924549739809
0.0109449951026367
0.0108319116602255
0.010164237775332
0.00970969703992768
0.00995680709077594
0.0102986656702851
0.00994529537498086
0.0102379321913623
0.00856160294814367
0.00958427149779962
0.00965692982795169
0.0109269870426022
0.00912349998108995
0.0107520679399179
0.00982651072536323
0.00985782373488528
0.0103281987476264
0.00990408814949673
0.00887084822857939
0.00916810587819485
0.00978975863381955
0.0101948376979651
0.0102121509102027
0.0109179891621583
0.0103475506047316
0.00952498131017149
0.0103774812275046
0.0091177094377898
0.0104672973494597
0.0105702325243551
0.0107554951097079
0.0100131856497699
0.0101808233030418
0.0096067914756494
0.00996545512422952
0.0100579345039459
0.0102733320915047
0.0100316898871632
0.00973125511575878
0.010125812007602
0.0101570886758729
0.00990513379492262
0.00955958640494928
0.00981510296755909
0.00987964651292216
0.0102585265760594
0.0108565203376259
0.0101389538395882
0.00960984647079153
0.00970013684944856
0.0107311514324467
0.00963220090496937
0.0103343046989044
0.0100779679005659
0.00958660946841315
0.0103247538802553
0.00947637206981589
0.00976853228682184
0.0102122766196365
0.00952873507526361
0.00930289945136397
0.0108028235568096
0.0102213809919381
0.00987082881748014
0.0102620984445211
0.0101568853036946
0.0102113223609481
0.010044158111063
0.00996128081326703
0.0101643626616103
0.00995212026951686
0.00960959747379858
0.0100070272862927
0.00994743226687524
0.00990214101263179
0.0107403383910807
0.0107176800486277
0.0103584459114552
0.00989486062337057
0.00968637835518684
0.0096181255525766
0.0100091945943438
0.0110970151964318
0.010175000860973
0.0100831849238175
0.0104041963803788
0.00966175811391065
0.0101989500983292
0.00982341016841034
0.00913951377114459
0.0092032961851584
0.0103337288490863
0.0108087405983935
0.00947181592937746
0.0100984832218799
0.00991471718343435
0.0103393901755986
0.00996870901936821
0.0103557681357925
0.0108464632625651
0.011479170545798
0.0105865400938417
0.0100005672126157
0.0102868886028505
0.0102302981328007
0.00927374997870478
0.0101259085448783
0.0102469446716826
0.00965167131051016
0.00950752346964479
0.010068018081119
0.00982960624642685
0.0095435276793842
0.0104588784249657
0.0101285118825632
0.00990839784024095
0.010271990940529
0.0107948730882086
0.0101078338803675
0.0107229019101116
0.0104065169143665
0.00953667491169879
0.00910413477061312
0.0100492334743866
0.00974065507917159
0.00937992274855887
0.00945423245859377
0.010042601515667
0.00978366543061792
0.0099960846939696
0.0104529717166435
0.00966923737049765
0.0104706895944664
0.0101239989406925
0.0103522574073509
0.0101291805203838
0.0104986125715651
0.0102666434574123
0.00929760779078569
0.0104209856936401
0.00985345180971562
0.00936657238435628
0.0101401937081668
0.00939208092356996
0.0103604911766879
0.0106507925125971
0.00936053932599575
0.00971688133297527
0.0106812387409981
0.0101786855700115
0.00940768777176784
0.0103070952392461
0.0110019163551386
0.0102631544187375
0.0102232280818553
0.0104700735616783
0.010913200148915
0.00997881872948044
0.0101776927450565
0.00965817056541033
0.0096697579255233
0.0094155052387515
0.009684232916599
0.0101262170494933
0.00960150035954399
0.00969433182396268
0.00899335036281574
0.0102683409274243
0.00914857222862271
0.0097634209710453
0.0098702881327827
0.0101845516431225
0.00992093850469304
0.010049627454195
0.00990583288016947
0.010365208036247
0.00962951109388529
0.0101252800574915
0.0103981048837447
0.0109471220089763
0.0099686654655357
0.0102855973660559
0.00961501930683105
0.0102091346598974
0.010982806157415
0.00959188666213258
0.00948449033715941
0.00996233029389806
0.00957911477666702
0.0093807351348739
0.00994748879526005
0.00946166311011949
0.0101158614814314
0.0106101316123392
0.00978137164151865
0.010362866074544
0.00948682338285877
0.00946234777498275
0.00908678401621542
0.00989725834851381
0.00987662582020706
0.0102165170645188
0.00905444110516345
0.0100438673408183
0.010214107135584
0.00992543467955514
0.0107163900511112
0.0090974482123455
0.0102709569239913
0.00951605968871143
0.0101898519274423
0.0101114188305821
0.009757064096694
0.00999610186965178
0.0092710371420051
0.0096536586986283
0.010257010319271
0.0101207991777823
0.0104990761205669
0.00957495199513176
0.0101082226833555
0.00949790574206149
0.0102590558080762
0.0104071489460576
0.0089074452714155
0.00987619983725885
0.00965148800865184
0.009362400718545
0.00958115562250401
0.0100486848118664
0.00957886506485777
0.00995114802021821
0.0100212216200082
0.01020239498945
0.0107062180988974
0.00983317640805488
0.0102308718470077
0.00938647679285914
0.00984124720929812
0.0100779937501892
0.00967798756851163
0.0101993825815625
0.0101613889261872
0.00929969685426889
0.0103084243535755
0.0099937655772754
0.00983925755884695
0.00986167110118684
0.0101791776720717
0.00959254577265137
0.0101574698165024
0.0104228763046788
0.0100200550485743
0.0105831031629866
0.0100857086265568
0.00960418800159806
0.00953964762692243
0.00975865861642568
0.0109291441881295
0.00946338034272775
0.00979620493445517
0.00977159891292624
0.0104322854128223
0.0100483213836744
0.00966564257097085
0.0102818462956018
0.0104422862630952
0.00985125895554312
0.00962861289021525
0.00984100230615943
0.00988705447731636
0.00907570490992265
0.00962493342693079
0.00893623471434402
0.0101774115053911
0.0102864652246889
0.00962683000234911
0.00984902610073952
0.0100396910399124
0.0101893746425921
0.00993574338911372
0.0098717602604677
0.010157286527123
0.0109265274578479
0.0108665023803371
0.0101287516557442
0.00925525053127962
0.00954136269138394
0.0105295586557675
0.00953206876364592
0.00956177649978613
0.0100640595338176
0.0102937241487731
0.0103374367279629
0.00965124983097064
0.0100845488000255
0.0102684087005275
0.00968193054000488
0.0100210873278542
0.0101205521252415
0.0101185129739862
0.00985589339230204
0.00972570855142902
0.00992491542751443
0.0100911096884487
0.00916193906473221
0.00913117618499662
0.00869249849777257
0.00953182851844064
0.00938430220345933
0.0103990964995074
0.0100805621351848
0.00998818048546897
0.00956100303189081
0.0100523505010327
0.0100075519367156
0.0102046272778628
0.00919244541589912
0.00951925519056033
0.0100784046795972
0.00986143867555296
0.00970900304505839
0.00936397414006073
0.0103783300636073
0.00985533377616893
0.00970451528367534
0.0100891084170264
0.00971949471701732
0.0107370254755745
0.0104814042726379
0.011008982601982
0.0104523228100308
0.00961329652154142
0.010215625982333
0.0104535189045855
0.0107112825004429
0.00948678116159154
0.00940901618904786
0.010346951435311
0.00979920834766437
0.00962141907239374
0.00939213964653048
0.00981824109785816
0.0102419149532065
0.0104014259136256
0.0106131827165205
0.0102109795472164
0.0104510893399207
0.00970172587015999
0.0105692393666794
0.00908462396241449
0.0101424694074742
0.00993502496176457
0.00997055444521057
0.00946258240591772
0.0109164976970765
0.00945261881338326
0.010409849606305
0.0102934935467576
0.0102490316130631
0.00999329044796705
0.00995324688501273
0.00923238057396612
0.0103153966007085
0.0104274807559253
0.0100346805486983
0.0097736983731136
0.00930341394807642
0.00969188241507537
0.00956309463923843
0.0092030952896822
0.00955258848974561
0.0101668277847493
0.00993587252750531
0.00952136021233393
0.00979350233013346
0.0106472504614353
0.0101609233416178
0.0102010190119192
0.00963944718491018
0.00970207382147025
0.00983865770196423
0.00974206873415432
0.0102168880243855
0.00945082969892857
0.0101257366527591
0.010109045608668
0.00947620355912454
0.00994340751885165
0.0100659180132635
0.00969934040002028
0.0102098484455449
0.00951082585514457
0.00958113215817367
0.00992626925840408
0.0105649516208661
0.00969343342135549
0.00998022879180439
0.0097225119823276
0.00985260939512859
0.0098456260265666
0.00978242339759402
0.00990082169576779
0.010623046187249
0.0101175837602074
0.0095703806475089
0.00942217166611244
0.00975347136007632
0.0100702003154984
0.011153800171263
0.010460556565092
0.00968857828604616
0.00990904737238612
0.0102080965767218
0.00994632501585507
0.00950391659995874
0.0100547560023454
0.00990693214864947
0.00990057025338194
0.010315341474254
0.0101876758895733
0.0106961250599394
0.00991741154101918
0.0103839599731798
0.0102461942254017
0.00963268441388529
0.00966949112807168
0.00905596933277198
0.00961937187334626
0.00968930316865863
0.00930826142108839
0.0100351225097801
0.0102426672343713
0.0103110397432581
0.0102219804626842
0.0092759224347234
0.00965144850807761
0.0103054315761886
0.0102175179403252
0.0104143424564281
0.0101334102664432
0.0104657620234522
0.00934682734051552
0.0106230498480743
0.010397936230496
0.00959393470395038
0.0101028869084369
0.00988349574647162
0.00975932368600527
0.00995304644911971
0.0100929781378136
0.00990583201486246
0.00989978830365251
0.0108923065157804
0.0101096089529783
0.00940664185960583
0.0100703761382849
0.0099287004658237
0.0109740114775604
0.00991888920902312
0.00960608337197109
0.00934395080184667
0.0102054990755522
0.0104406834490328
0.01045613137332
0.00960441316656324
0.00956638944636453
0.0100176602809377
0.0103880126305012
0.00942733821944797
0.00993930227725527
0.00972036467630835
0.0100296744009225
0.0100505431623312
0.0100600539699415
0.00987441184508719
0.00972815652160805
0.0105203380626454
0.0101520783149503
0.00991339696220277
0.0097446873108762
0.010640017086054
0.0102685399250929
0.00910002516294863
0.00998713740202645
0.00946753027361298
0.0102204419205017
0.0104192908831426
0.0107637107118109
0.00952870431217592
0.0100235454728767
0.0107030272253831
0.00888154473370012
0.00961164571112605
0.010268504640435
0.00920517473731962
0.00928029657939842
0.0101799636460572
0.00966993320449941
0.0104973157864004
0.0110000474052704
0.00946536033096671
0.0101605441587499
0.0106083513468791
0.0101588621078591
0.0102047010516667
0.0099256354079937
0.010285074456831
0.0106221948172069
0.00974950449450133
0.0099856254910667
0.0101279153657327
0.0106210220653921
0.00968475773887408
0.00942461386533415
0.0101151168577995
0.0106558856147801
0.010019699852008
0.00903272689033509
0.00967284754302571
0.00965269300621384
0.0101942498881222
0.00985218613525973
0.00992455746826667
0.00929500299128776
0.0108217878425171
0.00959396267709037
0.0101509798783282
0.0103923253050674
0.0105105071746038
0.0101999922749903
0.00998664458306456
0.009220067045172
0.00886445257601723
0.00931384035782272
0.0102061553984616
0.00965685544549411
0.00915166333716487
0.00895342032024846
0.00998653289559313
0.010025670116398
0.00995993710679199
0.0106255803676144
0.00940297542335748
0.010606822820639
0.00972337774834427
0.0102521936134553
0.0107236415917098
0.0100504722628929
0.00970544160164961
0.0100761681809735
0.00983953170365563
0.0105864348698824
0.00960478897877609
0.0105270639440445
0.00966283953573136
0.00949868282580627
0.0100774781114789
0.00965653430294873
0.00983210335884695
0.00990770627336189
0.00952292629705445
0.00921143006568374
0.00958746851500914
0.00986167618214261
0.0108030835053524
0.00850879184507508
0.00992551627430732
0.00958717477760907
0.010467523307912
0.009782562707123
0.00947264042931652
0.00955562651928682
0.00992913362747811
0.00991300714679709
0.0100999474534922
0.00996455799658531
0.00989625864708159
0.00936614788877668
0.00965907760291063
0.00964402190952155
0.0102633499891882
0.0105179621295972
0.00992296390368016
0.0102998552979837
0.00936869721131818
0.00941418062169192
0.0104879184173261
0.00999035650529968
0.00996318067863474
0.0101818366088159
0.0100877614372307
0.00952190087802079
0.00966148432013204
0.0107740776765851
0.0103018734253385
0.0103073071428421
0.0106619366555284
0.0100177391177989
0.00923973617212302
0.00999901974188236
0.00973752081495045
0.00957009479753738
0.0104279747913851
0.00994582769997719
0.0101030795755811
0.0098419823201832
0.00998345206913404
0.00956945197335072
0.00956119181602921
0.00993491933685453
0.0103204005272322
0.0100226408743623
0.00958347884266201
0.0102383210124157
0.00995951944687494
0.00972879776646432
0.00930779740232398
0.00949398495779307
0.00970395014595723
0.00959313324727543
0.00982800135651524
0.00913638400454382
0.0102485244564124
0.0102915903803755
0.0106714043260607
0.00906725219766711
0.0108833809601696
0.00998608289293725
0.00986508573044426
0.0097181078357711
0.00972192285880502
0.00977033397735895
0.0103619946017637
0.0100240885117364
0.00991325192624455
0.010189008827292
0.00985055836244277
0.00999002599746445
0.0106461600687593
0.00950606806952414
0.00984465142329079
0.0106659636981485
0.0100494483790456
0.00992021208663268
0.0101959192380903
0.0104111829926567
0.0103427580647593
0.0100226441368376
0.00955194130161919
0.0100096512684913
0.0107284277172307
0.010416503880237
0.00999655175644304
0.00970913622812718
0.00977792431287172
0.0102005749344184
0.00942654990110996
0.00988216328514872
0.00963637218794733
0.0106178559388357
0.00958157164493165
0.0105716946844962
0.010139885810683
0.00960229222388332
0.00987036488917284
0.00909374218434009
0.00963637763425335
0.00980234249654961
0.0105071541565858
0.00918256685501017
0.0101796264673966
0.0103227678267307
0.0102496258332623
0.00979687825934236
0.00892241004299696
0.00897743302409841
0.0106098209842947
0.00902077974722422
0.0101736435134346
0.0102086286786135
0.00974963242110463
0.00895701086682521
0.0100106290670157
0.00964523752286773
0.00968309363524028
0.0101839620669122
0.0103998124709895
0.0101322834872154
0.00910487024800425
0.010219952501634
0.0097102533306941
0.00982170903116355
0.0103119017642711
0.00908026092197364
0.0105622866459876
0.0103945763921943
0.00989936080163537
0.0101732225435944
0.00973118296899549
0.0098441971093114
0.00948933620016332
0.0103554610550685
0.0103006932191058
0.00974720703140227
0.00992426382425936
0.0100084482950929
0.00970148139591286
0.0101166255085227
0.00962488679162801
0.010176861604696
0.0106252181391468
0.00971135107705374
0.010136741594557
0.0105062032471403
0.00988331708922201
0.00952312498132618
0.0104147422647892
0.00976051204016248
0.0100131704882371
0.010043343202207
0.00991924394158832
0.0104743019218114
0.00985373956388851
0.0103385168955957
0.0102961765160343
0.00978024353640027
0.0102249613723035
0.00917989477569976
0.00883049797113207
0.0100224800011251
0.00972407368987273
0.00999161333611861
0.00989014870537057
0.0100044319179307
0.00920268018339818
0.00946724544024006
0.0101048985516631
0.0104911380086807
0.0103571863625076
0.0099568923740043
0.00928821099708421
0.0108205874299967
0.00952270312245884
0.0103730253232135
0.0101957416930374
0.00975381613443462
0.0093964879762891
0.0102343000287575
0.00954891582555335
0.00944601530314927
0.0101113265960777
0.010311310525156
0.00993481823261868
0.010147967319337
0.0089942845996208
0.0115153753974047
0.00984688035977351
0.0100598554452289
0.0111707124395063
0.00958316542146028
0.0103622441350653
0.00974874328065482
0.00921127498418078
0.0104891731824072
0.00964661241922537
0.00976827879004602
0.00985871283950189
0.00968034046750071
0.00970404367245462
0.0107364180746045
0.0100950874666263
0.0108105036208816
0.010594757825861
0.00862173498848337
0.00990887188168129
0.0105653313100216
0.00928252415863726
0.00922536221074074
